==================================
gen:0.4070506732454923
dis:0.4070506732454923
gen:0.453225469885875
dis:0.4119880958840214
gen:0.4558110221037148
dis:0.3999182681481253
gen:0.45603750126543063
dis:0.3947239049534538
